
1379287734
1479611942
1952097595
2333035216
1970924073
1052457474
3014096124
2132352677
3059297204
4173055716
2144170178
3177910574
1758796459
1709868042
1172680829
905791870
1720201388
2910001379
3163700302
3470754230
694293245
3033264502
3269423879
34205291
1086386784
3285486647
1847825075
2262225307
1469510411
3474812303
1166874745
4095789734
890202946
3511971263
3456932162
524688486
795293049
570497024
2195669490
2110347231
1558324244
1322561047
2356629031
3705036958
1006486655
705095858
382361240
3699891471
3782236259
4018052479
3884511795
1830295889
3141068018
384186491
2766969175
2996599210
2304245086
637858441
115366839
668402358
726054474
14790582
3628016279
3409622564
3221276525
282918006
4044910673
3722517789
3331741068
3263009014
1653516820
2068434333
262430404
2481293965
3806673145
1248743208
25954389
1993831746
227482602
372560707
390078490
333594126
1493734805
2709269909
2183656222
129584054
1903632319
3866585995
635021262
1123424712
1737736768
1162431672
4293195794
2323241139
827471978
3147013844
149087485
4038524775
1091907619
1252485651
1730593838
4253278166
3631154092
1895088913
968387607
214353799
4010847649
3558961477
748368536
640709211
3859940813
1644546865
3556096392
1527830285
2665762773
2181224641
2253644618
3649039684
2000879317
1879782803
3842084407
875877928
3136396375
19188725
3666717222
1711878040
2574389263
3642987281
125757
2843990305
526323992
1782160851
3638926457
302964561
579789535
2002871768
4069216854
2726594142
1367591899
759115751
446259777
3369810680
2908910244
934199660
139621801
1987567489
503253021
2537029462
236321906
1634313607
